060053301433 060052200882,108 060230003822,258
060052200882 060053301433,108 060050355872,114 060048101204,402
060050355872 060052200882,114 060050301872,96
060050301872 060050355872,96 060049201862,126
060049201862 060050301872,126 060049202852,90
060049202852 060049201862,90 060066101852,108
060066101852 060049202852,108 060066102852,84
060066102852 060066101852,84 060062202842,96
060062202842 060066102852,96 060063101842,90
060063101842 060062202842,90 060060101832,78
060060101832 060063101842,78 060054104822,90
060054104822 060060101832,90 060057104812,90 060058101502,90 060054105611,66
060057104812 060054104822,90 060057102802,72
060057102802 060057104812,72 060012101473,132
060012101473 060057102802,132 060100020454,96 060058103482,132
060100020454 060012101473,96 060100025432,90
060100025432 060100020454,90 060100000432,72 070201054501,90
060100000432 060100025432,72 060100007432,78 060003201213,114 060100002733,96 070201063501,90 070201063701,60
060100007432 060100000432,78 060007104414,90
060007104414 060100007432,90 060008101712,138
060008101712 060007104414,138 060007102724,72
060007102724 060008101712,72 060110011614,90 060009104841,114 060110001771,114 070201083001,90 070201083201,90
060110011614 060007102724,90 060130003653,108 060130002641,114 060110001771,120
060130003653 060110011614,108 060085201683,78
060085201683 060130003653,78 060084101101,126 060085105001,144
060084101101 060085201683,126 060096101111,156
060096101111 060084101101,156 060094101121,108
060094101121 060096101111,108 060093201131,114
060093201131 060094101121,114 060092201131,132
060092201131 060093201131,132 060200009003,240
060200009003 060092201131,240 060200008004,150 060200011001,192
060200008004 060200009003,150 060200007101,180
060200007101 060200008004,180 060200006101,168
060200006101 060200007101,168 060200005032,144
060200005032 060200006101,144
060250006003 060250007003,180
060250007003 060250006003,180 060074201001,186
060074201001 060250007003,186 060074202002,132
060074202002 060074201001,132 060072101002,96
060072101002 060074202002,96 060073101002,108
060073101002 060072101002,108 060068301002,168
060068301002 060073101002,168 060058102522,102
060058102522 060068301002,102 060058101502,126 060063452532,96
060058101502 060058102522,126 060058103482,126 060068201511,120 060054104822,90
060058103482 060058101502,126 060012101473,132
060130002641 060110011614,114 060130001002,120 070201022101,90
060130001002 060130002641,120 060142001004,114
060142001004 060130001002,114 060143001101,192 060200013006,474
060143001101 060142001004,192 060135001111,168
060135001111 060143001101,168 060330006121,132
060330006121 060135001111,132 060330005122,120
060330005122 060330006121,120 060330022131,138
060330022131 060330005122,138 060330004131,126
060330004131 060330022131,126
060220114642 060064201632,198
060064201632 060220114642,198 060064256622,84
060064256622 060064201632,84 060064301622,108
060064301622 060064256622,108 060067221602,90
060067221602 060064301622,90 060063452532,96
060063452532 060067221602,96 060058102522,96
060085105001 060085201683,144 060096458002,114
060096458002 060085105001,114 060096405002,78 070201082301,120 070201082501,90
060096405002 060096458002,78 060089303001,150
060089303001 060096405002,150 060091205001,234
060091205001 060089303001,234 060091203001,108
060091203001 060091205001,108 060200000105,168
060200000105 060091203001,168
060048101204 060024102373,162 060052200882,402
060024102373 060048101204,162 060024101336,114 060024106802,72 060040101712,66 060025423401,96
060024101336 060024102373,114 060024203303,90
060024203303 060024101336,90 060023201255,90
060023201255 060024203303,90 060003103233,84 070201013101,150 070201024001,90 070201092801,120 070201013201,90
060003103233 060023201255,84 060003102223,96
060003102223 060003103233,96 060003201213,126
060003201213 060003102223,126 060100000432,114 070201054501,60
060100002733 060100000432,96 060100003723,72
060100003723 060100002733,72 060100004703,90
060100004703 060100003723,90 060120005008,96 070201083601,90 070201083801,90
060120005008 060100004703,96 060120004623,108
060120004623 060120005008,108 060120003653,108 070201012201,120
060120003653 060120004623,108 060160001002,78 060160003001,114 060120001541,114 060190001573,102
060160001002 060120003653,78 060160002803,108
060160002803 060160001002,108 060162001813,156
060162001813 060160002803,156 060180002823,138
060180002823 060162001813,138 060180001833,138
060180001833 060180002823,138 060182001843,102
060182001843 060180001833,102 060182002853,102
060182002853 060182001843,102 060183001863,252
060183001863 060182002853,252 060183002863,180
060183002863 060183001863,180 060310004905,162
060310004905 060183002863,162
060260005671 060196001652,156
060196001652 060260005671,156 060195510642,114
060195510642 060196001652,114 060193002004,240
060193002004 060195510642,240 060193001004,120 060186001811,204
060193001004 060193002004,120 060192001006,126
060192001006 060193001004,126 060191001004,150 060192002001,222
060191001004 060192001006,150 060077155441,120 060191002003,114
060077155441 060191001004,120 060078201461,120
060078201461 060077155441,120 060079221471,72 060077106401,84
060079221471 060078201461,72 060068201511,198 070201084401,60
060068201511 060079221471,198 060058101502,120 070201064301,90 070201064501,60
060054105611 060054104822,66 060044202621,78 070201042402,60
060044202621 060054105611,78 060045102632,96 070201073901,90 070201093501,90
060026207812 060024106802,90 060020201955,144
060024106802 060026207812,90 060024102373,72
060040101712 060024102373,66 060044101702,84
060044101702 060040101712,84 060045102632,96
060045102632 060044101702,96 060044202621,96 070201033501,120 070201033701,90
060186001811 060193002004,204 060260004873,300
060260004873 060186001811,300 060260003883,162
060260003883 060260004873,162 060260002904,204
060260002904 060260003883,204 060260001002,156
060260001002 060260002904,156
060029101731 060199018712,78
060199018712 060029101731,78 060025424461,186
060025424461 060199018712,186 060025321431,96
060025321431 060025424461,96 060026105401,114
060026105401 060025321431,114 060025423401,102
060025423401 060026105401,102 060024102373,96
060160003001 060120003653,114 060160004001,90
060160004001 060160003001,90 060171002001,114
060171002001 060160004001,114 060171001002,156 060171003020,156
060171001002 060171002001,156 060175001012,96
060175001012 060171001002,96 060175002002,78 070201052601,150 070201052801,120
060175002002 060175001012,78 060176001003,114
060176001003 060175002002,114 060320026002,234
060320026002 060176001003,234 060320008004,126
060320008004 060320026002,126 060320007001,132
060320007001 060320008004,132 060320006015,228
060320006015 060320007001,228 060320005001,114
060320005001 060320006015,114 060320004008,198
060320004008 060320005001,198 060320003001,192
060320003001 060320004008,192 060320002001,198
060320002001 060320003001,198 060320001001,156
060320001001 060320002001,156
060170004041 060170003002,126
060170003002 060170004041,126 060170002002,78
060170002002 060170003002,78 060170001332,78
060170001332 060170002002,78 060170005002,78
060170005002 060170001332,78 060171003020,84
060171003020 060170005002,84 060171002001,156 060152002051,192
060230003822 060053301433,258 060230000842,192
060230000842 060230003822,192 060023005896,150
060023005896 060230000842,150
060152002051 060171003020,192 060152001001,102
060152001001 060152002051,102 060151001012,84
060151001012 060152001001,84
060200011001 060200009003,192 060200012008,108
060200012008 060200011001,108 060200013006,186
060200013006 060200012008,186 060142001004,474
060110001771 060110011614,120 060110002781,78 060007102724,114 070201022101,120 070201022301,120
060110002781 060110001771,78 060110003511,90
060110003511 060110002781,90 060110004531,114
060110004531 060110003511,114 060110012541,90
060110012541 060110004531,90 060120001541,96
060120001541 060110012541,96 060120003653,114 070201053301,90 070201053501,90
060190001573 060120003653,102 060191002003,138 060077106401,162
060191002003 060190001573,138 060191001004,114
060020201955 060026207812,144 060020202811,132 070201072901,90 070201073101,90
060020202811 060020201955,132 060001201821,78
060001201821 060020202811,78 060009104841,126 070201092401,90 070201092601,60
060009104841 060001201821,126 060007102724,114 070201063001,60 070201063201,60
060077106401 060190001573,162 060078201461,84
060192002001 060192001006,222 060180003001,150
060180003001 060192002001,150
070201012201 060120004623,120 070201012301,120
070201012301 070201012201,120 070201012401,90
070201012401 070201012301,90 070201012501,120 070201083901,120 070201084101,90
070201012501 070201012401,120 070201012601,120
070201012601 070201012501,120 070201012701,90 070201063901,90 070201064101,90
070201012701 070201012601,90 070201012801,90 070201074301,90 070201064101,120
070201012801 070201012701,90 070201012901,120 070201023401,90 070201023601,120
070201012901 070201012801,120 070201013001,90
070201013001 070201012901,90 070201013101,120 070201023601,90 070201042202,120
070201013101 070201013001,120 070201013201,90 060023201255,150 070201033201,120
070201013201 070201013101,90 070201013301,60 060023201255,90 070201033301,60
070201013301 070201013201,60
070201022101 060130002641,90 060110001771,120
070201022301 060110001771,120 070201022401,120
070201022401 070201022301,120 070201022501,90
070201022501 070201022401,90 070201022601,120
070201022601 070201022501,120 070201022701,120
070201022701 070201022601,120 070201022801,90
070201022801 070201022701,90 070201022901,90
070201022901 070201022801,90 070201023001,120
070201023001 070201022901,120 070201023101,120
070201023101 070201023001,120 070201023201,60
070201023201 070201023101,60 070201023301,90
070201023301 070201023201,90 070201023401,90
070201023401 070201023301,90 070201012801,90
070201023601 070201012801,120 070201013001,90
070201024001 060023201255,90 070201024101,120
070201024101 070201024001,120 070201024201,60
070201024201 070201024101,60 070201024301,90 070201073201,90 070201073401,60
070201024301 070201024201,90 070201024401,90
070201024401 070201024301,90 070201024501,90
070201024501 070201024401,90 070201024601,120
070201024601 070201024501,120 070201024701,90
070201024701 070201024601,90 070201024802,120
070201024802 070201024701,120
070201033201 070201013101,120 070201033301,60
070201033301 070201033201,60 070201033401,120 070201013201,60 070201093201,60
070201033401 070201033301,120 070201033501,90
070201033501 070201033401,90 060045102632,120 070201073601,90 070201073801,90
070201033701 060045102632,90 070201033801,90
070201033801 070201033701,90 070201033901,90
070201033901 070201033801,90 070201034001,90
070201034001 070201033901,90 070201034101,120
070201034101 070201034001,120 070201034201,90
070201034201 070201034101,90 070201034301,120
070201034301 070201034201,120 070201034402,120
070201034402 070201034301,120
070201042402 060054105611,60 070201042302,90
070201042302 070201042402,90 070201042202,90 070201073901,90 070201074101,60
070201042202 070201042302,90 070201013001,120
070201052101 070201052201,120
070201052201 070201052101,120 070201052301,90
070201052301 070201052201,90 070201052401,90
070201052401 070201052301,90 070201052501,90
070201052501 070201052401,90 070201052601,90
070201052601 070201052501,90 060175001012,150
070201052801 060175001012,120 070201052901,120
070201052901 070201052801,120 070201053001,150
070201053001 070201052901,150 070201053101,120
070201053101 070201053001,120 070201053201,120
070201053201 070201053101,120 070201053301,90
070201053301 070201053201,90 060120001541,90
070201053501 060120001541,90 070201053601,90
070201053601 070201053501,90 070201053701,60
070201053701 070201053601,60 070201053801,90
070201053801 070201053701,90 070201053901,90
070201053901 070201053801,90 070201054001,90
070201054001 070201053901,90
070201054501 060100025432,90 060003201213,60
070201062101 070201062201,90
070201062201 070201062101,90 070201062301,90
070201062301 070201062201,90 070201062401,60
070201062401 070201062301,60 070201062501,90
070201062501 070201062401,90 070201062601,90
070201062601 070201062501,90 070201062701,90
070201062701 070201062601,90 070201062801,60
070201062801 070201062701,60 070201062901,120
070201062901 070201062801,120 070201063001,90
070201063001 070201062901,90 060009104841,60 070201092201,90 070201092401,90
070201063201 060009104841,60 070201063301,90
070201063301 070201063201,90 070201063401,60
070201063401 070201063301,60 070201063501,90
070201063501 070201063401,90 060100000432,90
070201063701 060100000432,60 070201063801,90
070201063801 070201063701,90 070201063901,60
070201063901 070201063801,60 070201012601,90
070201064101 070201012601,90 070201064201,120 070201012701,120 070201074601,90
070201064201 070201064101,120 070201064301,90
070201064301 070201064201,90 060068201511,90
070201064501 060068201511,60 070201064601,90
070201064601 070201064501,90 070201064701,60
070201064701 070201064601,60 070201064801,90
070201064801 070201064701,90 070201064902,60
070201064902 070201064801,60
070201072101 070201072201,60
070201072201 070201072101,60 070201072301,90
070201072301 070201072201,90 070201072401,120
070201072401 070201072301,120 070201072501,90
070201072501 070201072401,90 070201072601,90
070201072601 070201072501,90 070201072701,90
070201072701 070201072601,90 070201072801,90
070201072801 070201072701,90 070201072901,60
070201072901 070201072801,60 060020201955,90
070201073101 060020201955,90 070201073201,90
070201073201 070201073101,90 070201024201,90
070201073401 070201024201,60 070201073501,90
070201073501 070201073401,90 070201073601,60
070201073601 070201073501,60 070201033501,90
070201073801 070201033501,90 070201073901,60
070201073901 070201073801,60 070201042302,90 070201093201,90 060044202621,90
070201074101 070201042302,60 070201074201,90
070201074201 070201074101,90 070201074301,90
070201074301 070201074201,90 070201012701,90
070201074601 070201064101,90 070201074701,90
070201074701 070201074601,90 070201074801,120
070201074801 070201074701,120 070201074901,90 070201084101,120 070201084301,90
070201074901 070201074801,90 070201075001,90
070201075001 070201074901,90 070201075101,90
070201075101 070201075001,90 070201075201,90
070201075201 070201075101,90 070201075301,90
070201075301 070201075201,90 070201075401,90
070201075401 070201075301,90 070201075501,90
070201075501 070201075401,90 070201075601,90
070201075601 070201075501,90 070201075701,90
070201075701 070201075601,90 070201075801,90
070201075801 070201075701,90 070201075901,60
070201075901 070201075801,60 070201076001,90
070201076001 070201075901,90
070201082101 070201082301,90
070201082301 070201082101,90 060096458002,120
070201082501 060096458002,90 070201082601,60
070201082601 070201082501,60 070201082701,90
070201082701 070201082601,90 070201082801,90
070201082801 070201082701,90 070201082901,120
070201082901 070201082801,120 070201083001,90 070201092201,60
070201083001 070201082901,90 060007102724,90
070201083201 060007102724,90 070201083301,90
070201083301 070201083201,90 070201083401,90
070201083401 070201083301,90 070201083501,90
070201083501 070201083401,90 070201083601,120
070201083601 070201083501,120 060100004703,90
070201083801 060100004703,90 070201083901,90
070201083901 070201083801,90 070201012401,120
070201084101 070201012401,90 070201074801,120
070201084301 070201074801,90 070201084401,90
070201084401 070201084301,90 060079221471,60
070201092201 070201082901,60 070201063001,90
070201092401 070201063001,90 060001201821,90
070201092601 060001201821,60 070201092701,90
070201092701 070201092601,90 070201092801,90
070201092801 070201092701,90 060023201255,120
070201093201 070201033301,60 070201073901,90
070201093501 060044202621,90 070201093601,60
070201093601 070201093501,60 070201093703,90
070201093703 070201093601,90 070201093801,60
070201093801 070201093703,60
